111111100000101010010110001111111
100000101010111100001001101000001
101110100000110011101001001011101
101110101110010100001010001011101
101110100100000100011111001011101
100000101100110110000011101000001
111111101010101010101010101111111
000000000111001010101101000000000
111110111100110111001000010101010
000101001011100100000101100011100
100111111010111101101010110111010
001011000000011110010111001000111
001111101110100110101110111110110
101011000101100010011101011101100
101011110000011110010011110111010
111010000111000011110101101000111
000001100000110101101000100111010
001001011000101010110111011010100
001111110100011100001001110111001
000000011101010010111001001100001
011001100100001111101010001010010
111011010101001010010110111000110
100000100100001111101011110010001
101100001011110011011101001001000
101010100110110110101100111111010
000000001100100000001111100010100
111111101111001111000010101010010
100000100101001110011100100011001
101110101010000101000110111111001
101110101011000110010100000011110
101110101110001101001011111001000
100000101111000010011100110011111
111111101110000100000110001001010
